

               92
23 10 11 0  16 60
8  15 2  14 21 60
6  12 24 17 1  60
5  20 19 7  9  60
18 3  4  22 13 60
60 60 60 60 60 82
род (23)       берегиня (10)     навь (11)      купала (0)     мара (16)
кострома (8)      свентовоидъ (15)      леля (2)    магощь (14)    ярило (21)
славь (6)         таня (12)         ра (24)        хорс (17)      правь (1)
радегастъ (5)     вей (20)       стрибог (19)   жель (7)    семарглъ (9)
лада (18)         троянъ (3)        явь (4)        велес (22)     пирун (13)

              11
              21
              14
              19
              24
6 13 18 23 16 25 5 12 7 2 8 3 9 1
              17
              15
              20
              24
               4


9     3     7.5   12    6
7     13    7.5   2     8
7.5   7.5   7.5   7.5   7.5
0     4     7.5   11    15
14    10    7.5   5     1

дый 35
10 2 6(19) 13 8
15 12 6(20) 6 1
6(23) 6(22) 16(21) 6(18) 6(17)
3 5 6(24) 11 16
7 14 6(25) 4 9
трибог 25
12 1 . 2 3
11 8 3 4 4
10 6 7 2 5
9 8 5 7 6
свара 12
   3
 1   2
   4
 6   7
   5
пан 15
  9
  1
 6 8
 4 2
3 5 7
сест 11 13
   4
1 3 2 5
  6 7
семеш 5
 1
2 3
 4
